[move]
n:160
n1:500
z:0.0
outfile:'tan_14.dat'

[cosmology]
omega_m:0.316
omega_l:0.684
omega_k: 0.0
w0: -1.0
wa: 0.0
H0: 0.00010227121650537077
f_uni: 0.113665719452
h: 0.73

[cluster]
m_200:2.e15
beta: 0.6
del1: 1.0
concentration: 10.0
r_inner:0.0


[galaxy]
lmbda:0.04
alpha:0.3
f_g: 0.1
md_tot: 1e12
vel_factor:1
z_d: 0.0003
m_bh: 4.0e+6
m_bul: 1.0e+9
epsilon: 0.0
eps: 0.00000001

